1621
1625
1626
1622
1630
1621
1622
1628
1626
1629
1627
1627
1625
1627
1626
1629
1621
1621
1629
1622
1627
1629
1625
1616
1618
1632
1625
1627
1643
1620
1627
1623
1698
1615
1630
1575
1630
1633
1630
1631
1616
1584
1632
1619
1655
1594
1629
1610
1618
1617
1621
1680
1679
1569
1598
1673
1631
1625
1568
1717
1634
1601
1708
1708
1607
1625
1625
1631
1694
1629
1629
1634
1683
1632
1629
1632
1584
1629
1631
1587
1633
1634
1638
1597
1643
1638
1639
1559
1639
1630
1637
1626
1635
1632
1632
1638
1628
1631
1632
1631
1634
1638
1632
1634
1638
1638
1632
1632
1635
1639
1637
1639
1634
1641
1638
1639
1641
1641
1642
1635
1635
1643
1645
1634
1632
1634
1641
1639
1642
1639
1643
1642
1642
1635
1636
1638
1637
1637
1645
1633
1641
1641
1635
1642
1633
1634
1643
1643
1632
1642
1636
1638
1642
1643
1639
1642
1644
1643
1646
1642
1638
1638
1639
1640
1639
1635
1638
1643
1642
1643
1643
1639
1645
1646
1648
1645
1642
1645
1645
1647
1639
1637
1647
1642
1640
1647
1646
1647
1648
1648
1646
1646
1647
1647
1648
1645
1641
1646
1648
1647
1643
1648
1647
1645
1646
1641
1648
1645
1639
1645
1643
1645
1642
1645
1645
1643
1647
1647
1637
1641
1647
1644
1642
1644
1648
1646
1641
1643
1641
1636
1643
1645
1642
1645
1646
1643
1641
1646
1646
1639
1642
1647
1642
1644
1639
1641
1644
1644
1647
1645
1646
1648
1645
1648
1646
1648
1647
1649
1648
1651
1646
1648
1644
1642
1642
1641
1639
1639
1631
1639
1643
1647
1642
1642
1643
1646
1642
1642
1627
1634
1623
1628
1619
1621
1622
1616
1623
1617
1618
1617
1617
1620
1616
1616
1617
1617
1617
1617
1620
1616
1617
1616
1616
1620
1613
1616
1613
1616
1616
1615
1618
1611
1616
1616
1613
1616
1618
1616
1616
1616
1617
1615
1617
1616
1616
1618
1616
1616
1617
1620
1620
1616
1619
1619
1616
1616
1617
1616
1615
1616
1616
1616
1615
1618
1613
1616
1616
1616
1617
1616
1617
1615
1616
1615
1616
1615
1616
1615
1615
1616
1613
1615
1616
1611
1614
1610
1614
1612
1614
1613
1615
1615
1614
1616
1616
1616
1616
1614
1611
1613
1615
1611
1615
1614
1615
1613
1616
1614
1613
1611
1614
1613
1608
1607
1613
1606
1616
1611
1614
1608
1607
1607
1615
1611
1611
1613
1613
1613
1613
1615
1616
1609
1609
1614
1615
1616
1616
1613
1614
1616
1615
1615
1611
1616
1616
1617
1613
1614
1616
1616
1616
1616
1616
1617
1616
1623
1617
1617
1619
1623
1619
1621
1617
1622
1618
1619
1622
1619
1617
1619
1621
1619
1624
1619
1627
1616
1619
1619
1618
1616
1620
1621
1626
1623
1626
1621
1624
1626
1627
1626
1627
1623
1632
1626
1631
1634
1629
1634
1632
1629
1635
1633
1629
1637
1637
1638
1638
1636
1638
1631
1637
1632
1639
1632
1633
1639
1636
1642
1640
1642
1641
1633
1639
1637
1633
1637
1631
1630
1630
1625
1633
1627
1625
1626
1621
1625
1621
1625
1616
1623
1618
1618
1618
1618
1617
1617
1615
1613
1613
1616
1615
1616
1615
1616
1615
1616
1616
1614
1616
1614
1614
1615
1614
1616
1613
1610
1615
1614
1612
1615
1605
1613
1607
1613
1616
1611
1613
1615
1614
1613
1616
1616
1615
1616
1616
1612
1616
1611
1614
1616
1616
1612
1612
1613
1610
1610
1614
1616
1609
1613
1613
1609
1613
1616
1613
1610
1615
1612
1616
1611
1615
1613
1611
1616
1612
1615
1611
1615
1607
1613
1612
1613
1614
1616
1616
1613
1612
1614
1612
1609
1612
1616
1616
1616
1616
1611
1616
1611
1615
1613
1615
1616
1610
1610
1611
1615
1608
1614
1615
1614
1613
1615
1616
1613
1615
1611
1616
1616
1614
1611
1614
1610
1615
1609
1616
1614
1612
1616
1614
1616
1611
1615
1615
1616
1616
1615
1618
1616
1618
1616
1617
1616
1618
1617
1616
1618
1616
1620
1619
1622
1627
1629
1623
1623
1631
1630
1681
1627
1631
1587
1639
1635
1622
1585
1635
1638
1631
1648
1638
1584
1634
1581
1637
1664
1642
1620
1642
1667
1659
1594
1648
1693
1663
1594
1614
1593
1727
1643
1616
1600
1654
1641
1648
1638
1640
1719
1645
1643
1640
1585
1642
1642
1643
1657
1639
1646
1658
1706
1633
1642
1727
1638
1642
1639
1615
1636
1639
1696
1634
1634
1636
1642
1639
1633
1641
1637
1632
1635
1642
1631
1636
1641
1634
1637
1632
1630
1638
1642
1635
1638
1639
1632
1636
1632
1635
1633
1631
1632
1636
1631
1634
1629
1630
1633
1627
1630
1630
1631
1626
1633
1633
1631
1623
1629
1633
1627
1635
1627
1630
1626
1630
1631
1629
1632
1632
1634
1632
1638
1637
1637
1640
1628
1631
1635
1634
1639
1636
1638
1644
1642
1636
1634
1638
1645
1647
1639
1645
1646
1645
1648
1643
1648
1648
1643
1645
1648
1646
1644
1643
1645
1648
1654
1650
1648
1658
1657
1655
1651
1651
1653
1650
1655
1649
1651
1651
1651
1651
1650
1655
1653
1654
1659
1659
1660
1663
1665
1664
1669
1673
1675
1678
1681
1680
1680
1682
1685
1685
1689
1695
1698
1708
1706
1711
1712
1714
1717
1721
1721
1726
1721
1719
1728
1729
1729
1728
1728
1730
1733
1728
1729
1731
1732
1728
1728
1728
1730
1728
1728
1729
1728
1725
1726
1719
1712
1709
1703
1689
1678
1662
1648
1637
1626
1616
1601
1599
1589
1584
1581
1577
1569
1570
1561
1557
1535
1554
1535
1535
1535
1535
1534
1527
1535
1531
1523
1528
1525
1526
1522
1520
1515
1521
1517
1515
1519
1517
1517
1515
1518
1510
1509
1509
1507
1507
1506
1505
1503
1500
1492
1491
1488
1486
1489
1488
1489
1488
1488
1492
1497
1499
1514
1520
1524
1535
1535
1570
1584
1600
1612
1623
1635
1645
1648
1653
1657
1664
1665
1664
1667
1673
1669
1676
1671
1678
1680
1678
1679
1680
1679
1682
1680
# duration: 9.992502450942993s
# step duration: 0.010002504955898892s
