1604
1603
1607
1607
1606
1602
1600
1609
1601
1600
1603
1604
1605
1605
1606
1607
1606
1605
1606
1605
1603
1607
1605
1604
1600
1603
1606
1605
1607
1602
1604
1604
1600
1607
1603
1600
1603
1605
1601
1606
1606
1609
1603
1605
1606
1601
1601
1607
1605
1603
1607
1611
1603
1606
1605
1605
1601
1604
1603
1601
1606
1607
1605
1602
1602
1603
1601
1605
1605
1603
1600
1602
1602
1603
1602
1599
1601
1600
1597
1596
1599
1597
1594
1591
1591
1593
1589
1588
1583
1579
1584
1574
1576
1577
1569
1570
1568
1567
1554
1535
1535
1535
1527
1528
1510
1506
1493
1488
1471
1456
1443
1433
1405
1390
1378
1365
1360
1357
1355
1350
1336
1328
1320
1312
1306
1301
1305
1310
1299
1303
1296
1286
1290
1280
1289
1293
1298
1307
1322
1328
1338
1344
1356
1363
1387
1402
1414
1429
1452
1466
1483
1491
1495
1507
1507
1484
1534
1535
1565
1591
1632
1562
1559
1507
1568
1581
1578
1572
1582
1584
1557
1584
1614
1588
1584
1591
1584
1598
1578
1589
1585
1523
1518
1535
1559
1616
1605
1594
1564
1632
1590
1605
1664
1593
1600
1598
1674
1600
1600
1600
1667
1599
1597
1602
1623
1598
1600
1596
1691
1600
1601
1600
1616
1600
1602
1602
1606
1601
1600
1597
1603
1600
1601
1600
1598
1603
1600
1603
1600
1595
1600
1598
1600
1597
1591
1597
1589
1591
1591
1589
1584
1585
1589
1587
1584
1584
1583
1580
1583
1578
1575
1571
1566
1569
1564
1563
1566
1559
1535
1535
1535
1535
1535
1535
1535
1535
1533
1535
1531
1532
1530
1531
1521
1523
1522
1520
1518
1514
1507
1505
1503
1499
1494
1493
1488
1488
1486
1481
1470
1465
1463
1459
1459
1452
1450
1443
1439
1434
1424
1424
1419
1412
1408
1414
1415
1418
1413
1419
1417
1420
1424
1421
1425
1424
1427
1427
1435
1441
1439
1441
1445
1445
1454
1455
1457
1463
1472
1488
1498
1502
1515
1520
1527
1533
1535
1535
1535
1553
1557
1565
1572
1575
1571
1575
1580
1583
1585
1584
1585
1584
1588
1589
1585
1589
1588
1592
1592
1590
1594
1596
1597
1593
1597
1597
1588
1595
1591
1599
1597
1599
1595
1598
1600
1598
1600
1591
1598
1600
1595
1598
1597
1600
1598
1595
1600
1600
1597
1600
1597
1595
1600
1598
1595
1597
1597
1595
1597
1600
1600
1597
1594
1600
1600
1600
1600
1601
1595
1594
1598
1600
1593
1588
1590
1589
1585
1583
1584
1582
1579
1579
1577
1573
1569
1571
1563
1563
1557
1555
1535
1535
1535
1535
1535
1535
1535
1532
1535
1531
1525
1511
1506
1504
1501
1497
1492
1486
1482
1469
1441
1424
1406
1385
1360
1342
1315
1280
1258
1232
1206
1193
1182
1168
1165
1161
1153
1148
1138
1136
1136
1136
1145
1156
1168
1171
1169
1168
1164
1166
1172
1190
1209
1234
1257
1274
1286
1296
1314
1328
1346
1365
1377
1391
1409
1426
1447
1456
1471
1485
1491
1497
1506
1516
1520
1529
1526
1534
1535
1535
1555
1558
1563
1568
1570
1568
1572
1570
1571
1571
1574
1573
1576
1581
1579
1582
1577
1583
1583
1584
1584
1581
1584
1584
1586
1584
1587
1586
1584
1583
1585
1587
1586
1588
1589
1584
1588
1587
1589
1588
1586
1590
1587
1587
1591
1587
1585
1594
1591
1584
1586
1585
1590
1587
1591
1594
1595
1590
1594
1586
1589
1596
1593
1591
1587
1584
1586
1593
1591
1587
1593
1591
1591
1591
1593
1587
1589
1585
1588
1590
1585
1584
1586
1584
1582
1581
1578
1576
1572
1578
1571
1568
1567
1568
1565
1566
1559
1556
1558
1535
1553
1535
1535
1535
1535
1535
1535
1535
1529
1527
1525
1520
1514
1511
1507
1505
1501
1495
1500
1496
1488
1489
1486
1483
1478
1474
1478
1474
1473
1473
1467
1472
1467
1466
1463
1465
1465
1463
1457
1466
1458
1459
1456
1458
1456
1456
1458
1456
1464
1467
1477
1483
1491
1500
1511
1516
1520
1522
1531
1531
1535
1535
1535
1555
1558
1563
1559
1565
1569
1570
1578
1579
1579
1575
1584
1583
1584
1581
1581
1584
1584
1584
1583
1590
1585
1588
1585
1586
1589
1584
1583
1579
1582
1584
1582
1581
1582
1579
1581
1582
1584
1582
1583
1584
1578
1584
1584
1583
1581
1583
1580
1582
1586
1579
1584
1581
1584
1584
1584
1583
1584
1581
1584
1587
1580
1580
1584
1584
1582
1583
1580
1585
1582
1579
1584
1578
1578
1581
1574
1574
1571
1571
1566
1569
1564
1567
1563
1558
1561
1562
1559
1557
1552
1553
1535
1535
1535
1535
1535
1490
1521
1535
1535
1520
1534
1530
1498
1520
1518
1520
1505
1488
1535
1482
1456
1445
1498
1501
1488
1423
1555
1586
1489
1584
1429
1475
1457
1535
1474
1498
1415
1520
1455
1461
1454
1460
1535
1456
1446
1444
1443
1442
1431
1430
1428
1425
1430
1428
1414
1424
1424
1503
1364
1423
1424
1448
1392
1424
1426
1430
1440
1438
1447
1455
1458
1472
1479
1491
1494
1513
1520
1527
1535
1535
1535
1553
1535
1558
1562
1561
1571
1571
1569
1573
1577
1581
1583
1584
1583
1584
1583
1584
1584
1585
1586
1587
1587
1586
1588
1585
1587
1584
1585
1584
1584
1585
1590
1588
1584
1584
1590
1592
1587
1585
1587
1591
1590
1589
1585
1584
1588
1588
1584
1590
1591
1584
1589
1591
1587
1586
1591
1590
1588
1588
1589
1590
1586
1586
1587
1589
1587
1590
1593
1584
1593
1588
1587
1589
1593
1593
1591
1585
1586
1594
1591
1599
1591
1589
1588
1593
1590
1584
1584
1584
1581
1577
1573
1572
1566
1568
1563
1562
1557
1555
1535
1535
1535
1535
1535
1532
1531
1533
1524
1526
1520
1520
1514
1509
1511
1512
1505
1502
1496
1494
1488
1482
1479
1481
1476
1481
1474
1472
1463
1462
1456
1457
1455
1455
1456
1456
1449
1449
1446
1438
1435
1434
1430
1434
1434
1434
1430
1429
1426
1429
1431
1429
1431
1440
1452
1460
1472
1475
# duration: 9.998291254043579s
# step duration: 0.010008299553597177s
