1600
1534
1605
1611
1532
1610
1602
1598
1591
1600
1590
1665
1616
1589
1600
1606
1611
1600
1606
1598
1600
1590
1602
1602
1602
1601
1606
1602
1603
1601
1600
1600
1600
1563
1603
1603
1520
1661
1602
1602
1616
1605
1603
1598
1600
1600
1607
1605
1602
1606
1602
1603
1602
1602
1600
1599
1601
1603
1604
1605
1598
1601
1598
1587
1565
1519
1469
1420
1383
1367
1360
1367
1392
1408
1424
1447
1461
1481
1488
1502
1510
1523
1529
1531
1535
1535
1535
1557
1559
1555
1565
1566
1573
1569
1580
1579
1581
1584
1584
1588
1589
1591
1595
1596
1595
1597
1600
1600
1598
1600
1597
1600
1600
1601
1600
1603
1603
1605
1603
1603
1600
1603
1600
1599
1591
1582
1570
1535
1522
1502
1471
1437
1397
1362
1330
1316
1307
1296
1303
1322
1332
1354
1357
1363
1374
1392
1408
1418
1435
1456
1472
1485
1493
1504
1508
1516
1520
1525
1532
1535
1529
1535
1535
1555
1561
1566
1568
1572
1584
1582
1586
1584
1586
1592
1594
1594
1593
1591
1593
1593
1597
1596
1592
1593
1599
1600
1596
1594
1599
1596
1599
1600
1600
1596
1600
1599
1595
1589
1577
1535
1488
1441
1363
1295
1230
1201
1170
1136
1124
1114
1111
1117
1147
1181
1218
1257
1296
1330
1368
1399
1429
1449
1467
1487
1504
1519
1524
1529
1535
1535
1552
1554
1562
1571
1576
1574
1582
1582
1583
1584
1584
1586
1588
1590
1593
1591
1588
1589
1597
1592
1598
1595
1598
1594
1599
1595
1594
1591
1574
1520
1451
1365
1284
1214
1172
1152
1141
1154
1179
1216
1243
1280
1313
1355
1389
1411
1447
1469
1488
1505
1515
1520
1521
1535
1535
1535
1552
1557
1566
1570
1573
1576
1578
1581
1584
1581
1584
1591
1590
1593
1593
1592
1590
1598
1596
1596
1592
1590
1594
1591
1594
1593
1598
1596
1598
1600
1600
1599
1600
1600
1598
1598
1597
1597
1600
1600
1600
1600
1604
1600
1600
1600
1598
1595
1591
1571
1522
1443
1360
1294
1229
1206
1200
1198
1216
1243
1287
1324
1363
1404
1440
1466
1485
1502
1521
1530
1535
1535
1555
1557
1558
1564
1566
1570
1573
1571
1580
1579
1583
1581
1584
1586
1585
1590
1587
1590
1595
1591
1594
1594
1590
1585
1578
1557
1517
1461
1399
1340
1288
1261
1248
1234
1238
1251
1272
1286
1296
1326
1345
1370
1390
1408
1429
1451
1466
1476
1490
1500
1511
1525
1528
1534
1535
1552
1535
1554
1568
1570
1571
1569
1571
1575
1570
1562
1558
1535
1535
1533
1525
1527
1522
1521
1520
1520
1520
1522
1522
1523
1529
1525
1529
1533
1535
1535
1535
1535
1535
1553
1559
1560
1555
1554
1535
1515
1478
1427
1373
1321
1263
1216
1188
1176
1175
1180
1184
1193
1211
1237
1264
1296
1324
1353
1382
1410
1426
1450
1467
1488
1499
1513
1522
1531
1535
1535
1535
1535
1563
1564
1568
1567
1568
1574
1574
1574
1570
1573
1576
1569
1573
1570
1572
1576
1572
1573
1579
1571
1574
1575
1575
1571
1574
1579
1577
1575
1579
1575
1576
1579
1580
1574
1580
1577
1573
1567
1558
1528
1488
1451
1381
1325
1261
1219
1193
1184
1196
1218
1244
1268
1280
1296
1319
1333
1353
1373
1393
1408
1431
1450
1460
1471
1485
1489
1508
1515
1521
1528
1534
1533
1535
1535
1535
1557
1558
1557
1562
1567
1565
1565
1569
1565
1571
1571
1570
1570
1577
1574
1571
1581
1577
1579
1577
1584
1581
1579
1581
1578
1581
1583
1584
1581
1579
1584
1576
1580
1580
1577
1581
1574
1575
1577
1575
1576
1568
1559
1535
1515
1483
1459
1423
1392
1362
1333
1324
1298
1297
1289
1280
1265
1274
1268
1237
1295
1318
1328
1306
1363
1363
1350
1427
1451
1467
1489
1497
1507
1515
1522
1527
1534
1526
1625
1523
1535
1535
1570
1653
1565
1518
1495
1591
1565
1535
1591
1513
1565
1531
1535
1574
1575
1574
1575
1571
1570
1567
1558
1531
1488
1434
1425
1252
1243
1213
1126
1200
1207
1208
1275
1222
1234
1258
1238
1307
1329
1352
1370
1408
1433
1454
1470
1478
1497
1511
1520
1521
1530
1535
1535
1535
1535
1535
1557
1561
1559
1566
1567
1568
1571
1570
1575
1580
1575
1578
1580
1574
1581
1579
1574
1573
1571
1561
1534
1508
1482
1428
1397
1382
1372
1367
1380
1382
1374
1363
1346
1337
1322
1324
1319
1319
1325
1321
1322
1327
1340
1358
1378
1402
1420
1437
1458
1477
1488
1500
1515
1522
1530
1534
1535
1535
1535
1555
1557
1559
1559
1566
1570
1567
1573
1574
1572
1579
1580
1583
1577
1581
1584
1575
1579
1575
1579
1578
1568
1553
1520
1479
1424
1366
1314
1286
1265
1248
1232
1232
1231
1235
1239
1255
1271
1296
1318
1341
1365
1392
1409
1429
1447
1465
1475
1487
1494
1502
1509
1519
1525
1525
1529
1535
1535
1535
1535
1552
1553
1558
1555
1555
1560
1564
1568
1570
1570
1569
1571
1570
1576
1577
1577
1572
1579
1578
1580
1576
1573
1578
1573
1573
1574
1579
1578
1577
1571
1575
1571
1563
1535
1520
1488
1457
1416
1363
1315
1267
1227
1200
1190
1194
1201
1216
1232
1249
1264
1275
1293
1310
1332
1360
1376
1398
1424
1434
1455
1472
1487
1494
1502
1504
1514
1519
1525
1530
1535
1535
1535
1553
1553
1560
1566
1569
1568
1567
1568
1567
1574
1568
1563
1564
1565
1567
1565
1558
1562
1569
1563
1561
1553
1557
1535
1535
1499
1454
1393
1343
1297
1283
1276
1259
1241
1240
1235
1246
1262
1287
1307
1328
1348
1363
1381
1393
1415
1424
1440
1453
1472
1477
1488
1494
1502
1509
1514
1515
1522
1527
1530
1535
1535
1535
1535
1561
1563
1567
1573
1569
1572
1577
1571
1581
1575
1578
1577
1579
1573
1581
1579
1581
1578
1582
1578
1582
1583
1578
1581
1582
1584
1584
1582
1583
1582
1580
1575
1575
1577
1584
1582
1584
1584
1584
1583
1582
1574
1553
1526
1479
1427
# duration: 9.99691390991211s
# step duration: 0.010006920830742852s
