1603
1600
1600
1600
1600
1596
1598
1603
1600
1601
1602
1598
1600
1600
1599
1598
1597
1599
1599
1598
1593
1595
1597
1598
1598
1597
1598
1597
1598
1599
1600
1600
1595
1596
1600
1596
1594
1600
1597
1599
1601
1599
1597
1600
1599
1598
1600
1600
1601
1598
1600
1604
1603
1601
1602
1600
1600
1602
1600
1601
1600
1597
1601
1598
1600
1601
1599
1597
1598
1602
1600
1600
1601
1601
1600
1600
1600
1591
1595
1595
1589
1586
1584
1584
1579
1579
1581
1580
1574
1569
1575
1576
1571
1568
1562
1569
1570
1567
1567
1565
1562
1562
1556
1561
1558
1535
1563
1554
1553
1556
1554
1535
1535
1535
1535
1535
1535
1535
1535
1535
1535
1535
1535
1535
1535
1535
1535
1535
1531
1535
1535
1535
1535
1535
1535
1535
1535
1531
1535
1535
1533
1534
1531
1531
1524
1532
1535
1527
1528
1523
1532
1530
1531
1520
1523
1520
1520
1518
1519
1519
1520
1514
1517
1514
1514
1517
1520
1514
1516
1519
1514
1510
1508
1515
1514
1515
1508
1506
1514
1506
1511
1511
1518
1516
1520
1520
1522
1523
1525
1535
1535
1535
1535
1535
1535
1554
1555
1553
1564
1562
1569
1570
1569
1577
1583
1574
1583
1583
1579
1582
1584
1589
1584
1587
1586
1590
1589
1589
1586
1586
1595
1590
1587
1587
1587
1584
1586
1591
1590
1590
1586
1589
1596
1590
1598
1587
1594
1589
1590
1593
1590
1594
1593
1591
1591
1595
1591
1594
1591
1594
1592
1593
1591
1589
1591
1590
1589
1597
1588
1594
1594
1587
1595
1594
1591
1598
1587
1591
1590
1591
1593
1595
1595
1585
1587
1587
1593
1585
1593
1589
1590
1591
1594
1585
1585
1584
1584
1584
1586
1585
1586
1584
1584
1585
1582
1575
1569
1565
1563
1562
1552
1565
1563
1553
1535
1535
1535
1535
1535
1535
1535
1535
1535
1535
1535
1535
1535
1534
1535
1535
1532
1533
1534
1533
1531
1533
1534
1526
1526
1530
1524
1522
1531
1530
1525
1531
1524
1526
1529
1526
1530
1532
1526
1526
1530
1525
1527
1526
1530
1530
1527
1528
1530
1531
1525
1526
1530
1522
1528
1526
1525
1523
1522
1521
1520
1520
1515
1520
1520
1515
1510
1509
1514
1511
1510
1511
1514
1513
1514
1510
1517
1520
1520
1521
1522
1533
1535
1535
1534
1535
1535
1553
1552
1554
1558
1562
1569
1574
1572
1574
1579
1578
1579
1581
1584
1584
1584
1582
1584
1584
1585
1582
1585
1590
1584
1584
1584
1585
1587
1593
1584
1590
1591
1587
1589
1588
1594
1585
1586
1589
1591
1587
1593
1594
1588
1590
1593
1586
1590
1590
1594
1585
1590
1591
1594
1586
1587
1584
1590
1589
1590
1590
1587
1584
1587
1590
1587
1584
1585
1593
1589
1585
1591
1587
1591
1591
1590
1585
1589
1589
1589
1584
1591
1587
1586
1584
1594
1589
1584
1587
1587
1586
1584
1589
1588
1586
1590
1590
1585
1584
1579
1581
1584
1575
1569
1576
1570
1568
1563
1555
1559
1556
1553
1555
1558
1556
1535
1554
1535
1535
1535
1535
1535
1535
1535
1535
1535
1535
1535
1535
1534
1535
1535
1535
1529
1531
1535
1531
1533
1530
1523
1527
1531
1531
1526
1530
1533
1532
1530
1529
1527
1531
1530
1529
1525
1525
1525
1520
1521
1524
1523
1526
1526
1524
1517
1521
1522
1520
1520
1520
1522
1520
1520
1520
1520
1521
1523
1522
1520
1520
1519
1522
1526
1520
1513
1514
1515
1509
1515
1509
1511
1510
1511
1511
1519
1515
1518
1520
1520
1527
1525
1535
1535
1535
1535
1535
1558
1559
1554
1558
1568
1567
1574
1573
1576
1573
1575
1574
1578
1581
1580
1579
1578
1584
1584
1585
1584
1587
1584
1584
1589
1586
1585
1585
1589
1591
1589
1590
1594
1591
1598
1591
1590
1591
1591
1593
1595
1590
1588
1590
1591
1594
1598
1590
1595
1593
1591
1594
1589
1588
1595
1593
1594
1597
1589
1593
1596
1594
1593
1589
1595
1589
1585
1587
1593
1610
1589
1589
1531
1607
1587
1600
1678
1648
1587
1597
1589
1586
1585
1616
1596
1585
1586
1573
1527
1586
1582
1508
1515
1589
1519
1498
1535
1602
1557
1518
1584
1511
1581
1558
1582
1576
1582
1574
1560
1579
1579
1576
1576
1574
1565
1584
1571
1576
1578
1485
1572
1568
1566
1574
1566
1568
1567
1499
1569
1567
1562
1571
1569
1566
1561
1563
1562
1559
1563
1564
1563
1559
1558
1561
1559
1556
1559
1557
1553
1565
1556
1557
1552
1559
1555
1535
1553
1535
1554
1557
1535
1555
1555
1553
1560
1535
1553
1535
1552
1535
1535
1554
1535
1552
1552
1535
1554
1535
1553
1535
1535
1535
1535
1535
1535
1535
1535
1535
1535
1535
1535
1535
1535
1535
1535
1535
1535
1535
1535
1535
1535
1535
1535
1535
1535
1535
1535
1535
1535
1535
1535
1535
1535
1535
1535
1535
1535
1535
1535
1535
1535
1535
1535
1535
1535
1535
1535
1535
1535
1535
1535
1535
1535
1535
1535
1535
1535
1535
1535
1535
1535
1535
1535
1535
1535
1535
1535
1535
1535
1535
1535
1535
1535
1535
1535
1535
1535
1535
1535
1535
1535
1535
1535
1535
1535
1535
1535
1535
1535
1535
1535
1535
1535
1535
1535
1535
1535
1535
1535
1534
1535
1535
1535
1535
1535
1535
1535
1535
1535
1535
1535
1535
1535
1535
1535
1535
1535
1535
1535
1535
1535
1535
1535
1535
1535
1535
1535
1535
1535
1531
1534
1535
1529
1535
1535
1533
1535
1533
1535
1535
1535
1535
1535
1535
1535
1535
1535
1535
1553
1535
1558
1564
1566
1567
1569
1572
1572
1575
1573
1575
1569
1573
1582
1581
1578
1578
1583
1580
1583
1582
1582
1579
1583
1584
1584
1584
1579
1584
1582
1583
1584
1584
1584
1582
1582
1584
1584
1584
1583
1584
1584
1585
1584
1579
1584
1584
1584
1584
1581
1583
1586
1585
1583
1584
1583
1582
1586
1579
1584
1584
1586
1583
1586
1589
1586
1585
1582
1586
1584
1586
1584
1584
1584
1587
# duration: 9.996252298355103s
# step duration: 0.010006258556912015s
